1	0.008362103768281247	0.00802019372349605
2	0.007797763523596682	0.010503241559490561
3	0.007365231206150432	0.007209964358480647
4	0.007098981142534237	0.006959509395528585
5	0.006783869693447885	0.006405611988157034
6	0.006513399022974466	0.006268928264034912
7	0.00635267140981006	0.006170674954773858
8	0.006217095535248518	0.005913209810387343
9	0.00602103735467321	0.005597495386609808
10	0.005745891052739401	0.005513147072633728
11	0.005592187854314321	0.005433380953036249
12	0.005521640132524465	0.005301370576489717
13	0.0054288233973478015	0.00522348890081048
14	0.005333843303991384	0.005081544601125643
15	0.005163189857021759	0.005072673477116041
16	0.005113481813551564	0.005120485511724837
17	0.004978983626259785	0.004690675108577125
18	0.004895234131254256	0.004644863336579874
19	0.004797388762725811	0.00446649277000688
20	0.0046562673830378215	0.004417734700837173
21	0.0045425697768989364	0.004392492774059065
22	0.004459286047341793	0.004299527150578797
23	0.004389024688862264	0.004610410367604345
24	0.004319601931217078	0.004092396949999966
25	0.004210192612127254	0.0041534105548635125
26	0.004166220161622684	0.00408064087969251
27	0.0040913611699483895	0.003902267257217318
28	0.004003289229187526	0.0038933257019380108
29	0.003934573063528852	0.003833216949715279
30	0.003954433738008926	0.003820687154075131
31	0.003876443725618485	0.0037768246402265504
32	0.003872417373043534	0.003892403226927854
33	0.003783810534514487	0.0038648588088108227
34	0.0038005374126920573	0.0038041955704102293
35	0.003800312381874966	0.003717770043294877
36	0.003712787286770579	0.0035696016857400537
37	0.003687575925141573	0.003954297804739326
38	0.0036543887414920485	0.003555068848072551
39	0.0036622510953365187	0.0035063367249676958
40	0.0035847598123119064	0.0034965468221344054
41	0.0035705172554834894	0.003734011363121681
42	0.0035342175121370113	0.0035445051616989076
43	0.0035220943207509422	0.003578740928787738
44	0.0035191536513402275	0.0034397372364765033
45	0.0034662140533328056	0.0034262831177329645
46	0.003448203181553828	0.003409993223613128
47	0.0034613398908588445	0.003285707687609829
48	0.0034477246839455084	0.0033160814637085423
49	0.0034077777037102926	0.0033648277749307454
50	0.0034295733785256743	0.0035196117823943496
51	0.003361803651052086	0.0032695650443201885
52	0.003355478849507084	0.003222218787414022
53	0.0033254361110984496	0.003191038718796335
54	0.003287319093942642	0.003228517423849553
55	0.00329671167817555	0.003152675839373842
56	0.0032771107936768154	0.0032121076219482347
57	0.0032700966908841543	0.0032347571541322395
58	0.0032502723073488788	0.0030710174032719806
59	0.003229968488755587	0.003278694217442535
60	0.0032401973577706436	0.003165028101648204
61	0.0032243776429248484	0.0031380580039694905
62	0.003212742231737234	0.003288651932962239
63	0.0031868691286562304	0.0031677826773375273
64	0.0031981942685026872	0.003159658794174902
65	0.003139542838509538	0.003071618004469201
66	0.003177044514909779	0.0031563098455080763
67	0.0031462052751234488	0.0031458508456125855
68	0.003149771958736605	0.0030711505241924897
69	0.0031291513985611105	0.0031899717287160456
70	0.0031019110097794942	0.003112323596724309
71	0.00308946928769154	0.0030796479986747727
72	0.0030894195109507755	0.003384067182196304
73	0.003088166287757064	0.003383880539331585
74	0.0030690954605999744	0.0029261411109473556
75	0.003023690501178958	0.002958943441626616
76	0.0030198446444333776	0.0030793891346547753
77	0.003001820835235872	0.003123327565845102
78	0.003023414204730407	0.002979876211611554
79	0.0029880188246208584	0.003037751288502477
80	0.0029965559829418596	0.0029193529044277966
81	0.0030371826142072678	0.0030519115389324725
82	0.002995366659505587	0.0029047886782791466
83	0.0029915772366190425	0.002961266291094944
84	0.0030093870101202476	0.0031425506458617747
85	0.0029424125402185476	0.0029940723470645025
86	0.0029331502798748644	0.0028675025678239763
87	0.0029190356144681573	0.003076902954489924
88	0.0029280062299221754	0.003044229408260435
89	0.0029016016234986878	0.0029093277116771787
90	0.0029017097365699315	0.002915719451266341
91	0.002873357556956379	0.0028248601884115487
92	0.0029368232200412373	0.003133151476504281
93	0.002871502601345511	0.002790114434901625
94	0.002824456749581977	0.002776600740617141
95	0.0028453498318987457	0.0028760459244949743
96	0.0028493527666126426	0.0030534675024682656
97	0.002841168787869576	0.002878604151192121
98	0.0028368822102876087	0.0027660773921525106
99	0.002866166999171439	0.0030716983455931768
100	0.0028256064918088285	0.002972186222905293
101	0.0028245887277941954	0.002816463020280935
102	0.002830140023051124	0.0029067169671179727
103	0.002797793100686058	0.002835686507751234
104	0.0027822451298370175	0.0027540441078599542
105	0.002778150778459875	0.003099129578913562
106	0.00276459352186832	0.0030639451288152486
107	0.002781431693093557	0.00278402965341229
108	0.002704549056943506	0.0027652726566884667
109	0.002746278536505997	0.0028025636420352384
110	0.0027415620432676454	0.002694566937861964
111	0.002695438249869958	0.0027011620259145275
112	0.0027306770513716495	0.0029302890034159645
113	0.0026997790831190193	0.0027770251326728612
114	0.002711977987354131	0.002753032516920939
115	0.002719486303823559	0.002702627010876313
116	0.0026515515484405974	0.0027033297665184364
117	0.002696816791094055	0.002836959494743496
118	0.002688661756876268	0.0027646419766824692
119	0.0026976573342261346	0.0029244607721921057
120	0.0026752181461473044	0.0026798929320648313
121	0.002714614690232434	0.0030820811953162774
122	0.002662879016593491	0.002580989370471798
123	0.0026163280800622153	0.0025774148234631866
124	0.00263286298018341	0.002763900047284551
125	0.002611139427723461	0.0025935922312783077
126	0.0026216512778773904	0.0028011670656269416
127	0.0025858008547833093	0.0026882490783464164
128	0.0026358081959187984	0.0028137043409515172
129	0.00259825280916534	0.002632806616020389
130	0.0025670546609418174	0.002591135198599659
131	0.0026247778870655517	0.0026267741195624694
132	0.002596457948369023	0.002629582188092172
133	0.0026288459132621554	0.0028606254199985415
134	0.002588304231482509	0.0027555353881325573
135	0.002611697657572988	0.0026842226507142186
136	0.0025674740685836263	0.0025112773291766644
137	0.0025893704671608774	0.002618136946693994
138	0.0025439433153032474	0.002638114310684614
139	0.0026548765477185186	0.002861838453100063
140	0.002562462180656822	0.00249809751403518
141	0.0025593661703169346	0.002671635229489766
142	0.0025175914021306916	0.0025825791235547513
143	0.002561991121374855	0.0025336882536066696
144	0.0025339884205574266	0.002669341178261675
145	0.0025463811440491362	0.0027598028245847672
146	0.0025399016633041597	0.002474657740094699
147	0.0024888322222977877	0.0025038796084118076
148	0.0024609894853232332	0.00248122752236668
149	0.00252493790130278	0.002848677453584969
150	0.002491568944318906	0.0024934752291301265
151	0.0025207128185827875	0.002742318800301291
152	0.002510313370485643	0.0026192817458650097
153	0.002518740255924824	0.0026211787771899253
154	0.002515718034517608	0.002490373808541335
155	0.002517788995694565	0.0023970100155565888
156	0.002497424267379469	0.002491431703674607
157	0.0024966716361967357	0.00263063664897345
158	0.0025060979624916065	0.0024784026172710583
159	0.0025326774063471114	0.0028996896580792964
160	0.002472159158634512	0.0024284521059598774
161	0.0025414825895016917	0.0025541273353155702
162	0.0025016064541169294	0.002514507490559481
163	0.0025025405675957076	0.003069246609811671
164	0.002541984835835664	0.0026403603551443666
165	0.002488128274164506	0.002515631051210221
166	0.0025132249391294622	0.0024761923705227673
167	0.0024398120769642687	0.0027126634813612327
168	0.0024981464559555447	0.0024324001642526127
169	0.0024429342409252727	0.002476483801729046
170	0.00249196974389059	0.002631107490742579
171	0.0024857831702224517	0.0031430634116986766
172	0.002453855263363374	0.0025857002183329314
173	0.0024273504049664267	0.0026221367879770696
174	0.002492852502894637	0.0024231032439274713
175	0.0024693989268455064	0.002738421389949508
176	0.002472703675984552	0.0024232364157796837
177	0.0024509579954227726	0.002547272844822146
178	0.0024743521475772325	0.002451526772347279
179	0.0024635523870146195	0.0027137879806105047
180	0.0024905029475983036	0.0024798305821605027
181	0.0024513366914011145	0.0024150232929969206
182	0.002409878364568086	0.002432142682664562
183	0.0023816730030567237	0.002380652236752212
184	0.002415630660068832	0.002532963117118925
185	0.0024485685035439304	0.002370282862102613
186	0.0024345508825622105	0.0024638475733809173
187	0.0024444634817834747	0.0027004822622984648
188	0.0024193805630171768	0.002400230703642592
189	0.0024270994594859843	0.002542707836255431
190	0.0024201152049691268	0.002362721257668454
191	0.002390363480356571	0.002410125161986798
192	0.0023825830032460785	0.0025412474060431123
193	0.002434692866364984	0.0027589513774728402
194	0.002406114378429361	0.002795779990265146
195	0.0024041526362692054	0.0023956103395903483
196	0.002390509985975529	0.002433277237287257
197	0.002400260538132371	0.0023809270933270454
198	0.002429392727974214	0.0027089877985417843
199	0.002405268630306972	0.0024731947487453
200	0.00243938490625863	0.002466322031978052
201	0.0024239517546160833	0.0024821399856591597
202	0.0024070912469668607	0.0027347526338417083
203	0.0023485198923337614	0.0024106026103254408
204	0.0023688948314980066	0.002419261814793572
205	0.0023801456646699655	0.002428817271720618
206	0.0023890377641165336	0.002441610937239602
207	0.002369898377525571	0.0025034076970769092
208	0.0023467380884348563	0.0023235050903167576
209	0.002366749107175948	0.0024283534876303747
210	0.0024163392862599146	0.0026124670257559046
211	0.002337211179301927	0.0023517328372690827
212	0.0023458983939092016	0.002519867557566613
213	0.0024121879220106884	0.0025614014302846044
214	0.0023646746443486528	0.002390442052274011
215	0.0023733035379432535	0.0024579489399911836
216	0.0023659414207366737	0.0022851818066556007
217	0.0023596014392464177	0.0026214467216050252
218	0.002403686867757259	0.002640440739924088
219	0.002371519598742261	0.0023309856551350094
220	0.002341173331890451	0.002379573037615046
221	0.002340834839024434	0.0023344409273704514
222	0.002345757715183457	0.0025602065870771185
223	0.0023641876085955453	0.0022996958723524585
224	0.002297828638754589	0.0023370914277620614
225	0.0023202240607995343	0.002351200731936842
226	0.002354699845646361	0.0023908282310003415
227	0.0023425454733354088	0.0024165650975191966
228	0.00235716578562891	0.0023639789360458963
229	0.0023814787058845945	0.0025477866583969444
230	0.0023641166075034754	0.0025448448868701234
231	0.0023320922076604084	0.0023266808639164083
232	0.002346369370475019	0.0023496239955420606
233	0.0023474487733389986	0.0025782172451727092
234	0.0023593526566401124	0.002331194576981943
235	0.00231921494828145	0.002257456195366103
236	0.0023524669752652315	0.002331390918698162
237	0.0022915785605283944	0.0022839862722321413
238	0.0023111689860295308	0.0024187673698179424
239	0.00235282801594095	0.0023341241976595484
240	0.0023703163269122966	0.002755780325969681
241	0.0023276424617506564	0.0023756246373523027
242	0.0022798543030052984	0.0023226948833325878
243	0.0023093070883892083	0.002354514457692858
244	0.0023119904401123917	0.002626600762596354
245	0.002323230174002483	0.002370844391407445
246	0.0023073843269804982	0.0023967588058440015
247	0.0023583076391859273	0.0022954348314669915
248	0.0023421816080563553	0.0023378239275189117
249	0.0023322876383501446	0.002350763330468908
250	0.0023347452331922555	0.002303516783285886
251	0.0022903022932280834	0.0023874191392678767
252	0.0022961467988543995	0.0022917605019756593
253	0.002343913429955903	0.0030154990236042067
254	0.0023484756300029786	0.00226791288878303
255	0.002303146377303883	0.0023374003430944867
256	0.0023121789563447237	0.0023148206528276205
257	0.0023241664901816925	0.0022607131395488977
258	0.0023226245998797055	0.0023185007958090864
259	0.0023066458310686835	0.002318981147254817
260	0.0022791839100567528	0.002301865431945771
261	0.002390312079928423	0.0023278380976989865
262	0.0023077323597757832	0.0024464403541060165
263	0.0022680197664732603	0.002276464867463801
264	0.0022664693257722413	0.0022708100150339305
265	0.0022766277757718376	0.0023893308534752578
266	0.0023403888304815872	0.002427008905215189
267	0.0023156121942998938	0.002583298701210879
268	0.002326936439586509	0.002281047694850713
269	0.0022701580831045775	0.002374206480453722
270	0.002263999461367922	0.0022902921482454985
271	0.002277839656208495	0.002526229989598505
272	0.0022810009816710496	0.003156081584165804
273	0.0023434031632189687	0.0027276983455521986
274	0.0023059360989320433	0.00225497020437615
275	0.002321894663557606	0.002385059662628919
276	0.002314858935087135	0.0024080019793473184
277	0.0022692117429534463	0.0023508803569711745
278	0.0022640411472438196	0.0023273828555829823
279	0.0023216407035330407	0.002273273225000594
280	0.0023344218069197317	0.0023701326426817104
281	0.0022656348821903137	0.002221185313828755
282	0.0022598805371671915	0.002379968405875843
283	0.002315242695131976	0.0023065714922267944
284	0.002292217702090152	0.0025557047192705795
285	0.00228944657015075	0.0023204231110867113
286	0.0022619860920760977	0.002388746157521382
287	0.0022817869750341693	0.002530286437831819
288	0.002284024593935005	0.0022467339076683857
289	0.002330170169252118	0.0024848299799486995
290	0.0022835230614107692	0.002449708728818223
291	0.0022735827032623716	0.0021910130890319124
292	0.0022896374667700577	0.0024666835233801976
293	0.0023305534789534775	0.0023039481602609158
294	0.002308522850446599	0.0023087653826223686
295	0.0022657976828907665	0.0024410701444139704
296	0.002262596292176137	0.0031153858435573056
297	0.002358873736260361	0.002739689123700373
298	0.002308856003525618	0.00231762708426686
299	0.002261481312177095	0.002330049428564962
300	0.0022870651078655533	0.002365617372561246
301	0.00226116567654045	0.0023835516258259304
302	0.002292868105302516	0.003179420527885668
303	0.002280752621836176	0.002380443169386126
304	0.0022833980191008826	0.00230419870786136
305	0.0022636788076181944	0.00260188382526394
306	0.0023056350856725323	0.0022928708494873717
307	0.0022753745740230536	0.002469837592798285
308	0.0022388905819848573	0.0023157653777161613
309	0.0022575009957348045	0.002302484819665551
310	0.0022589408694521375	0.002351739000005182
311	0.002237134306740604	0.002233225794043392
312	0.0022473665119736993	0.00227966092643328
313	0.0022447515481249674	0.0022914006549399346
314	0.002301770115369245	0.002477774309227243
315	0.0022824894373403176	0.002517248627555091
316	0.0022732376022950597	0.002412183253909461
317	0.0022376531054952033	0.002360694132221397
318	0.002237856988550017	0.002318826511327643
319	0.0023237738458096588	0.0023203952150652185
320	0.002239552452106421	0.0022417396248783916
321	0.0022294624696338645	0.0023187004262581468
322	0.0022550312845085406	0.0022406464850064367
323	0.0023151357829766838	0.002359831691137515
324	0.0022544539165928177	0.002205422868428286
325	0.0022200091533656967	0.0024107485078275204
326	0.0022696080819801672	0.0023489362065447494
327	0.002229324036498407	0.002228235018264968
328	0.0022639702901391216	0.002202101743023377
329	0.0022449301016566003	0.0023640966246603057
330	0.002263678731029167	0.0022936606546863914
331	0.002248066345744423	0.002230232108558994
332	0.0022630364309359145	0.00284930549969431
333	0.002268159452605208	0.002362350067414809
334	0.0024486121837981045	0.0027248752157902345
335	0.002309201159637029	0.002499283873476088
336	0.0023067575039979267	0.0025466765655437484
337	0.0022426245023349396	0.002214959946286399
338	0.0022961742085355675	0.002229161611467134
339	0.0022652247295665896	0.0021530447993427515
340	0.0022048725912004316	0.0022776601908844896
341	0.0021988960215821862	0.0024214759177993983
342	0.0022496586254993943	0.0021543398397625424
343	0.0022409436366471803	0.0024405800068052486
344	0.0022319727117734913	0.0022828795481473207
345	0.0022813407397878015	0.0025234715576516464
346	0.0022693153188907004	0.002374116600549314
347	0.0022172038259572887	0.002420599601464346
348	0.0022121355685062313	0.002292094606673345
349	0.0022798838786241647	0.002530110126826912
350	0.0022614530630801852	0.002322041691513732
351	0.002219625809965165	0.00233806979667861
352	0.002211991673041331	0.002268135554913897
353	0.0022335803522238215	0.0023060737585183233
354	0.002261291212083674	0.002287753486598376
355	0.0022420916939154267	0.002309507231984753
356	0.0022336729330402847	0.0022158618303365074
357	0.0022598280093485586	0.0030344036931637675
358	0.002211275222515197	0.002162553311791271
359	0.0022557054762728512	0.002448915460263379
360	0.0022279794242135004	0.0022775292381993495
361	0.002217371234253637	0.002432700654026121
362	0.0022885679775898004	0.0023144463702919893
363	0.0022639289535091897	0.0023417224001605064
364	0.0021904138388651375	0.0025915482256095856
365	0.0022270146230431763	0.002289024072524626
366	0.0022407080365442916	0.002434228706988506
367	0.002237156391952579	0.002411586625385098
368	0.0022002440926275754	0.0021936184057267383
369	0.0022150714036175295	0.0023671363669564016
370	0.0022393920287293824	0.0025856247666524723
371	0.0023022818342341403	0.0025382773601450026
372	0.0022912342131971137	0.0022260139230638742
373	0.002256528820572911	0.0021742643002653494
374	0.002205226411062636	0.002390611087321304
375	0.002198957369393228	0.002393254602793604
376	0.002251792055750756	0.0023106617154553533
377	0.002288997844229207	0.00251669944555033
378	0.002210670071163852	0.0023899925727164373
379	0.002200238480183639	0.002133781868906226
380	0.002222528972197324	0.002239080175058916
381	0.002206882838723495	0.002179216709919274
382	0.002182093531653089	0.0022846170177217573
383	0.00219645608510626	0.0021988063235767186
384	0.0022611100300166166	0.00214916437107604
385	0.0022022911886635578	0.0022491225390695035
386	0.0021919966859154797	0.0022948686601012014
387	0.0021952235378864173	0.002215342130511999
388	0.002239464543220636	0.0022719235203112476
389	0.0021607814797837484	0.0021760395902674645
390	0.0022292550328481746	0.002253642916912213
391	0.002195954733332129	0.0021759592855232768
392	0.0021774493568380805	0.00224625149712665
393	0.0021986764408402928	0.002372432893025689
394	0.0022330002638658412	0.0021850279954378493
395	0.002240725783753748	0.0022021169279469177
396	0.002196899976728386	0.0022177785940584727
397	0.0021970923561112662	0.0022522274957736954
398	0.0022366661241425105	0.0023574041260872036
399	0.0021887555179235184	0.0021704036844312213
400	0.0021888437362289743	0.0023230537626659498
